 Reading input ...
 Partitioning mesh ...
 Reading mesh data ...
 Original Nodes
 Forming [K] ...
 Setting up environment ...
Mumps row pivot threshhold =    1.00E-06
Mumps determinant=(   9.79E-01   0.00E+00)*2^***
Mumps row pivot threshhold =    1.00E-06
Mumps determinant=(   9.79E-01   0.00E+00)*2^***
 Interval: 1
     Resetting Environment ...
     Forming RHS ...
     Solving ...
Mat Object: 2 MPI processes
  type: mpiaij
row 0: (0, 1e+30)  (1, -875)  (2, 350)  (3, 175)  (6, -1400)  (7, -175)  (8, -1050)  (9, 875) 
row 1: (0, -875)  (1, 1e+30)  (2, -175)  (3, -1400)  (6, 175)  (7, 350)  (8, 875)  (9, -1050) 
row 2: (0, 350)  (1, -175)  (2, 1e+30)  (3, 875)  (6, -1050)  (7, -875)  (8, -1400)  (9, 175) 
row 3: (0, 175)  (1, -1400)  (2, 875)  (3, 1e+30)  (6, -875)  (7, -1050)  (8, -175)  (9, 350) 
row 4: (4, 54365.6)  (5, -5.90669e-311)  (8, 54365.6)  (9, 5.90669e-311)  (10, -1.18134e-310)  (11, 0)  (12, 54365.6)  (13, 2.36268e-310)  (14, 54365.6)  (15, 0) 
row 5: (4, 0)  (5, 9060.94)  (8, 5.90669e-311)  (9, -9060.94)  (10, 5.90669e-311)  (11, -5.90669e-311)  (12, -5.90669e-311)  (13, 4530.47)  (14, 0)  (15, -4530.47) 
row 6: (0, -1400)  (1, 175)  (2, -1050)  (3, -875)  (6, 2100)  (7, 875)  (8, 350)  (9, -175) 
row 7: (0, -175)  (1, 350)  (2, -875)  (3, -1050)  (6, 875)  (7, 2100)  (8, 175)  (9, -1400) 
row 8: (0, -1050)  (1, 875)  (2, -1400)  (3, -175)  (4, 54365.6)  (5, 5.90669e-311)  (6, 350)  (7, 175)  (8, 54365.6)  (9, -1.18134e-310)  (10, -1.77201e-310)  (11, 5.90669e-311)  (12, 54365.6)  (13, 1.99665e-314)  (14, 54365.6)  (15, 0) 
row 9: (0, 875)  (1, -1050)  (2, 175)  (3, 350)  (4, 0)  (5, -9060.94)  (6, -175)  (7, -1400)  (8, 1.18134e-310)  (9, 9060.94)  (10, 5.90669e-311)  (11, -1.77201e-310)  (12, -5.90669e-311)  (13, -4530.47)  (14, 0)  (15, 4530.47) 
row 10: (4, -1.18134e-310)  (5, 5.90669e-311)  (8, -1.77201e-310)  (9, 5.90669e-311)  (10, 1.77201e-310)  (11, -5.90669e-311)  (14, 1.18134e-310)  (15, -5.90669e-311) 
row 11: (4, 0)  (5, -5.90669e-311)  (8, 5.90669e-311)  (9, -1.77201e-310)  (10, -5.90669e-311)  (11, 1.77201e-310)  (14, 0)  (15, 5.90669e-311) 
row 12: (4, 54365.6)  (5, 1.18134e-310)  (8, 53490.6)  (9, 1.77201e-310)  (12, 54365.6)  (13, 2.36268e-310)  (14, 54365.6)  (15, 0) 
row 13: (4, 0)  (5, 4530.47)  (8, 2100)  (9, -4530.47)  (12, 9.3329e-321)  (13, 1e+30)  (14, 0)  (15, -9060.94) 
row 14: (4, 54365.6)  (5, 2100)  (8, 54365.6)  (9, 1.18134e-310)  (10, 1.18134e-310)  (11, 0)  (12, 54365.6)  (13, 2.36268e-310)  (14, 54365.6)  (15, 0) 
row 15: (4, 5.90669e-311)  (5, -5405.47)  (8, -1.77201e-310)  (9, 4530.47)  (10, -5.90669e-311)  (11, 5.90669e-311)  (12, 7.86836e-311)  (13, -9060.94)  (14, 0)  (15, 1e+30) 
 VECVEC           1           3           1   0.0000000000000000     
 VECVEC           1           3           2   0.0000000000000000     
 VECVEC           2           5           1   0.0000000000000000     
 VECVEC           2           5           2   0.0000000000000000     
 VECVEC           3           6           1  -0.0000000000000000     
 VECVEC           3           6           2  -0.0000000000000000     
 VECVEC           4           7           1  -0.0000000000000000     
 VECVEC           4           7           2  -0.0000000000000000     
 VECVEC           1           3           1   0.0000000000000000     
 VECVEC           1           3           2   0.0000000000000000     
 VECVEC           2           5           1   0.0000000000000000     
 VECVEC           2           5           2   0.0000000000000000     
 VECVEC           3           6           1  -0.0000000000000000     
 VECVEC           3           6           2  -0.0000000000000000     
 VECVEC           4           7           1  -0.0000000000000000     
 VECVEC           4           7           2  -0.0000000000000000     
Mat Object:Mat_0x4175390_1 2 MPI processes
  type: mpiaij
row 0: (0, 1e+30)  (1, -875)  (2, 350)  (3, 175)  (6, -1400)  (7, -175)  (8, -1050)  (9, 875) 
row 1: (0, -875)  (1, 1e+30)  (2, -175)  (3, -1400)  (6, 175)  (7, 350)  (8, 875)  (9, -1050) 
row 2: (0, 350)  (1, -175)  (2, 1e+30)  (3, 875)  (6, -1050)  (7, -875)  (8, -1400)  (9, 175) 
row 3: (0, 175)  (1, -1400)  (2, 875)  (3, 1e+30)  (6, -875)  (7, -1050)  (8, -175)  (9, 350) 
row 4: (4, 54365.6)  (5, -5.90669e-311)  (8, 54365.6)  (9, 5.90669e-311)  (10, -1.18134e-310)  (11, 0)  (12, 54365.6)  (13, 2.36268e-310)  (14, 54365.6)  (15, 0) 
row 5: (4, 0)  (5, 9060.94)  (8, 5.90669e-311)  (9, -9060.94)  (10, 5.90669e-311)  (11, -5.90669e-311)  (12, -5.90669e-311)  (13, 4530.47)  (14, 0)  (15, -4530.47) 
row 6: (0, -1400)  (1, 175)  (2, -1050)  (3, -875)  (6, 2100)  (7, 875)  (8, 350)  (9, -175) 
row 7: (0, -175)  (1, 350)  (2, -875)  (3, -1050)  (6, 875)  (7, 2100)  (8, 175)  (9, -1400) 
row 8: (0, -1050)  (1, 875)  (2, -1400)  (3, -175)  (4, 54365.6)  (5, 5.90669e-311)  (6, 350)  (7, 175)  (8, 54365.6)  (9, -1.18134e-310)  (10, -1.77201e-310)  (11, 5.90669e-311)  (12, 54365.6)  (13, 1.99665e-314)  (14, 54365.6)  (15, 0) 
row 9: (0, 875)  (1, -1050)  (2, 175)  (3, 350)  (4, 0)  (5, -9060.94)  (6, -175)  (7, -1400)  (8, 1.18134e-310)  (9, 9060.94)  (10, 5.90669e-311)  (11, -1.77201e-310)  (12, -5.90669e-311)  (13, -4530.47)  (14, 0)  (15, 4530.47) 
row 10: (4, -1.18134e-310)  (5, 5.90669e-311)  (8, -1.77201e-310)  (9, 5.90669e-311)  (10, 1.77201e-310)  (11, -5.90669e-311)  (14, 1.18134e-310)  (15, -5.90669e-311) 
row 11: (4, 0)  (5, -5.90669e-311)  (8, 5.90669e-311)  (9, -1.77201e-310)  (10, -5.90669e-311)  (11, 1.77201e-310)  (14, 0)  (15, 5.90669e-311) 
row 12: (4, 54365.6)  (5, 1.18134e-310)  (8, 53490.6)  (9, 1.77201e-310)  (12, 54365.6)  (13, 2.36268e-310)  (14, 54365.6)  (15, 0) 
row 13: (4, 0)  (5, 4530.47)  (8, 2100)  (9, -4530.47)  (12, 9.3329e-321)  (13, 1e+30)  (14, 0)  (15, -9060.94) 
row 14: (4, 54365.6)  (5, 2100)  (8, 54365.6)  (9, 1.18134e-310)  (10, 1.18134e-310)  (11, 0)  (12, 54365.6)  (13, 2.36268e-310)  (14, 54365.6)  (15, 0) 
row 15: (4, 5.90669e-311)  (5, -5405.47)  (8, -1.77201e-310)  (9, 4530.47)  (10, -5.90669e-311)  (11, 5.90669e-311)  (12, 7.86836e-311)  (13, -9060.94)  (14, 0)  (15, 1e+30) 
     SNES Iteration Count: 0
Vec Object: 2 MPI processes
  type: mpi
Process [0]
0
0
0
0
0
0
0
0
Process [1]
0
0
0
0
0
0
0
0
     Getting stress ....
 Interval: 2
     Resetting Environment ...
     Forming RHS ...
     Solving ...
Mat Object:Mat_0x4175390_1 2 MPI processes
  type: mpiaij
row 0: (0, 1e+30)  (1, -875)  (2, 350)  (3, 175)  (6, -1400)  (7, -175)  (8, -1050)  (9, 875) 
row 1: (0, -875)  (1, 1e+30)  (2, -175)  (3, -1400)  (6, 175)  (7, 350)  (8, 875)  (9, -1050) 
row 2: (0, 350)  (1, -175)  (2, 1e+30)  (3, 875)  (6, -1050)  (7, -875)  (8, -1400)  (9, 175) 
row 3: (0, 175)  (1, -1400)  (2, 875)  (3, 1e+30)  (6, -875)  (7, -1050)  (8, -175)  (9, 350) 
row 4: (4, 54365.6)  (5, -5.90669e-311)  (8, 54365.6)  (9, 5.90669e-311)  (10, -1.18134e-310)  (11, 0)  (12, 54365.6)  (13, 2.36268e-310)  (14, 54365.6)  (15, 0) 
row 5: (4, 0)  (5, 9060.94)  (8, 5.90669e-311)  (9, -9060.94)  (10, 5.90669e-311)  (11, -5.90669e-311)  (12, -5.90669e-311)  (13, 4530.47)  (14, 0)  (15, -4530.47) 
row 6: (0, -1400)  (1, 175)  (2, -1050)  (3, -875)  (6, 2100)  (7, 875)  (8, 350)  (9, -175) 
row 7: (0, -175)  (1, 350)  (2, -875)  (3, -1050)  (6, 875)  (7, 2100)  (8, 175)  (9, -1400) 
row 8: (0, -1050)  (1, 875)  (2, -1400)  (3, -175)  (4, 54365.6)  (5, 5.90669e-311)  (6, 350)  (7, 175)  (8, 54365.6)  (9, -1.18134e-310)  (10, -1.77201e-310)  (11, 5.90669e-311)  (12, 54365.6)  (13, 1.99665e-314)  (14, 54365.6)  (15, 0) 
row 9: (0, 875)  (1, -1050)  (2, 175)  (3, 350)  (4, 0)  (5, -9060.94)  (6, -175)  (7, -1400)  (8, 1.18134e-310)  (9, 9060.94)  (10, 5.90669e-311)  (11, -1.77201e-310)  (12, -5.90669e-311)  (13, -4530.47)  (14, 0)  (15, 4530.47) 
row 10: (4, -1.18134e-310)  (5, 5.90669e-311)  (8, -1.77201e-310)  (9, 5.90669e-311)  (10, 1.77201e-310)  (11, -5.90669e-311)  (14, 1.18134e-310)  (15, -5.90669e-311) 
row 11: (4, 0)  (5, -5.90669e-311)  (8, 5.90669e-311)  (9, -1.77201e-310)  (10, -5.90669e-311)  (11, 1.77201e-310)  (14, 0)  (15, 5.90669e-311) 
row 12: (4, 54365.6)  (5, 1.18134e-310)  (8, 53490.6)  (9, 1.77201e-310)  (12, 54365.6)  (13, 2.36268e-310)  (14, 54365.6)  (15, 0) 
row 13: (4, 0)  (5, 4530.47)  (8, 2100)  (9, -4530.47)  (12, 9.3329e-321)  (13, 1e+30)  (14, 0)  (15, -9060.94) 
row 14: (4, 54365.6)  (5, 2100)  (8, 54365.6)  (9, 1.18134e-310)  (10, 1.18134e-310)  (11, 0)  (12, 54365.6)  (13, 2.36268e-310)  (14, 54365.6)  (15, 0) 
row 15: (4, 5.90669e-311)  (5, -5405.47)  (8, -1.77201e-310)  (9, 4530.47)  (10, -5.90669e-311)  (11, 5.90669e-311)  (12, 7.86836e-311)  (13, -9060.94)  (14, 0)  (15, 1e+30) 
 VECVEC           1           3           1   0.0000000000000000     
 VECVEC           1           3           2   0.0000000000000000     
 VECVEC           2           5           1   0.0000000000000000     
 VECVEC           2           5           2   0.0000000000000000     
 VECVEC           3           6           1  -0.0000000000000000     
 VECVEC           3           6           2  -0.0000000000000000     
 VECVEC           4           7           1  -0.0000000000000000     
 VECVEC           4           7           2  -0.0000000000000000     
 VECVEC           1           3           1   0.0000000000000000     
 VECVEC           1           3           2   0.0000000000000000     
 VECVEC           2           5           1   0.0000000000000000     
 VECVEC           2           5           2   0.0000000000000000     
 VECVEC           3           6           1  -0.0000000000000000     
 VECVEC           3           6           2  -0.0000000000000000     
 VECVEC           4           7           1  -0.0000000000000000     
 VECVEC           4           7           2  -0.0000000000000000     
Mat Object:Mat_0x4175390_1 2 MPI processes
  type: mpiaij
row 0: (0, 1e+30)  (1, -875)  (2, 350)  (3, 175)  (6, -1400)  (7, -175)  (8, -1050)  (9, 875) 
row 1: (0, -875)  (1, 1e+30)  (2, -175)  (3, -1400)  (6, 175)  (7, 350)  (8, 875)  (9, -1050) 
row 2: (0, 350)  (1, -175)  (2, 1e+30)  (3, 875)  (6, -1050)  (7, -875)  (8, -1400)  (9, 175) 
row 3: (0, 175)  (1, -1400)  (2, 875)  (3, 1e+30)  (6, -875)  (7, -1050)  (8, -175)  (9, 350) 
row 4: (4, 54365.6)  (5, -5.90669e-311)  (8, 54365.6)  (9, 5.90669e-311)  (10, -1.18134e-310)  (11, 0)  (12, 54365.6)  (13, 2.36268e-310)  (14, 54365.6)  (15, 0) 
row 5: (4, 0)  (5, 9060.94)  (8, 5.90669e-311)  (9, -9060.94)  (10, 5.90669e-311)  (11, -5.90669e-311)  (12, -5.90669e-311)  (13, 4530.47)  (14, 0)  (15, -4530.47) 
row 6: (0, -1400)  (1, 175)  (2, -1050)  (3, -875)  (6, 2100)  (7, 875)  (8, 350)  (9, -175) 
row 7: (0, -175)  (1, 350)  (2, -875)  (3, -1050)  (6, 875)  (7, 2100)  (8, 175)  (9, -1400) 
row 8: (0, -1050)  (1, 875)  (2, -1400)  (3, -175)  (4, 54365.6)  (5, 5.90669e-311)  (6, 350)  (7, 175)  (8, 54365.6)  (9, -1.18134e-310)  (10, -1.77201e-310)  (11, 5.90669e-311)  (12, 54365.6)  (13, 1.99665e-314)  (14, 54365.6)  (15, 0) 
row 9: (0, 875)  (1, -1050)  (2, 175)  (3, 350)  (4, 0)  (5, -9060.94)  (6, -175)  (7, -1400)  (8, 1.18134e-310)  (9, 9060.94)  (10, 5.90669e-311)  (11, -1.77201e-310)  (12, -5.90669e-311)  (13, -4530.47)  (14, 0)  (15, 4530.47) 
row 10: (4, -1.18134e-310)  (5, 5.90669e-311)  (8, -1.77201e-310)  (9, 5.90669e-311)  (10, 1.77201e-310)  (11, -5.90669e-311)  (14, 1.18134e-310)  (15, -5.90669e-311) 
row 11: (4, 0)  (5, -5.90669e-311)  (8, 5.90669e-311)  (9, -1.77201e-310)  (10, -5.90669e-311)  (11, 1.77201e-310)  (14, 0)  (15, 5.90669e-311) 
row 12: (4, 54365.6)  (5, 1.18134e-310)  (8, 53490.6)  (9, 1.77201e-310)  (12, 54365.6)  (13, 2.36268e-310)  (14, 54365.6)  (15, 0) 
row 13: (4, 0)  (5, 4530.47)  (8, 2100)  (9, -4530.47)  (12, 9.3329e-321)  (13, 1e+30)  (14, 0)  (15, -9060.94) 
row 14: (4, 54365.6)  (5, 2100)  (8, 54365.6)  (9, 1.18134e-310)  (10, 1.18134e-310)  (11, 0)  (12, 54365.6)  (13, 2.36268e-310)  (14, 54365.6)  (15, 0) 
row 15: (4, 5.90669e-311)  (5, -5405.47)  (8, -1.77201e-310)  (9, 4530.47)  (10, -5.90669e-311)  (11, 5.90669e-311)  (12, 7.86836e-311)  (13, -9060.94)  (14, 0)  (15, 1e+30) 
     SNES Iteration Count: 0
Vec Object: 2 MPI processes
  type: mpi
Process [0]
0
0
0
0
0
0
0
0
Process [1]
0
0
0
0
0
0
0
0
     Getting stress ....
 Interval: 3
     Resetting Environment ...
     Forming RHS ...
     Solving ...
Mat Object:Mat_0x4175390_1 2 MPI processes
  type: mpiaij
row 0: (0, 1e+30)  (1, -875)  (2, 350)  (3, 175)  (6, -1400)  (7, -175)  (8, -1050)  (9, 875) 
row 1: (0, -875)  (1, 1e+30)  (2, -175)  (3, -1400)  (6, 175)  (7, 350)  (8, 875)  (9, -1050) 
row 2: (0, 350)  (1, -175)  (2, 1e+30)  (3, 875)  (6, -1050)  (7, -875)  (8, -1400)  (9, 175) 
row 3: (0, 175)  (1, -1400)  (2, 875)  (3, 1e+30)  (6, -875)  (7, -1050)  (8, -175)  (9, 350) 
row 4: (4, 54365.6)  (5, -5.90669e-311)  (8, 54365.6)  (9, 5.90669e-311)  (10, -1.18134e-310)  (11, 0)  (12, 54365.6)  (13, 2.36268e-310)  (14, 54365.6)  (15, 0) 
row 5: (4, 0)  (5, 9060.94)  (8, 5.90669e-311)  (9, -9060.94)  (10, 5.90669e-311)  (11, -5.90669e-311)  (12, -5.90669e-311)  (13, 4530.47)  (14, 0)  (15, -4530.47) 
row 6: (0, -1400)  (1, 175)  (2, -1050)  (3, -875)  (6, 2100)  (7, 875)  (8, 350)  (9, -175) 
row 7: (0, -175)  (1, 350)  (2, -875)  (3, -1050)  (6, 875)  (7, 2100)  (8, 175)  (9, -1400) 
row 8: (0, -1050)  (1, 875)  (2, -1400)  (3, -175)  (4, 54365.6)  (5, 5.90669e-311)  (6, 350)  (7, 175)  (8, 54365.6)  (9, -1.18134e-310)  (10, -1.77201e-310)  (11, 5.90669e-311)  (12, 54365.6)  (13, 1.99665e-314)  (14, 54365.6)  (15, 0) 
row 9: (0, 875)  (1, -1050)  (2, 175)  (3, 350)  (4, 0)  (5, -9060.94)  (6, -175)  (7, -1400)  (8, 1.18134e-310)  (9, 9060.94)  (10, 5.90669e-311)  (11, -1.77201e-310)  (12, -5.90669e-311)  (13, -4530.47)  (14, 0)  (15, 4530.47) 
row 10: (4, -1.18134e-310)  (5, 5.90669e-311)  (8, -1.77201e-310)  (9, 5.90669e-311)  (10, 1.77201e-310)  (11, -5.90669e-311)  (14, 1.18134e-310)  (15, -5.90669e-311) 
row 11: (4, 0)  (5, -5.90669e-311)  (8, 5.90669e-311)  (9, -1.77201e-310)  (10, -5.90669e-311)  (11, 1.77201e-310)  (14, 0)  (15, 5.90669e-311) 
row 12: (4, 54365.6)  (5, 1.18134e-310)  (8, 53490.6)  (9, 1.77201e-310)  (12, 54365.6)  (13, 2.36268e-310)  (14, 54365.6)  (15, 0) 
row 13: (4, 0)  (5, 4530.47)  (8, 2100)  (9, -4530.47)  (12, 9.3329e-321)  (13, 1e+30)  (14, 0)  (15, -9060.94) 
row 14: (4, 54365.6)  (5, 2100)  (8, 54365.6)  (9, 1.18134e-310)  (10, 1.18134e-310)  (11, 0)  (12, 54365.6)  (13, 2.36268e-310)  (14, 54365.6)  (15, 0) 
row 15: (4, 5.90669e-311)  (5, -5405.47)  (8, -1.77201e-310)  (9, 4530.47)  (10, -5.90669e-311)  (11, 5.90669e-311)  (12, 7.86836e-311)  (13, -9060.94)  (14, 0)  (15, 1e+30) 
 VECVEC           1           3           1   0.0000000000000000     
 VECVEC           1           3           2   0.0000000000000000     
 VECVEC           2           5           1   0.0000000000000000     
 VECVEC           2           5           2   0.0000000000000000     
 VECVEC           3           6           1  -0.0000000000000000     
 VECVEC           3           6           2  -0.0000000000000000     
 VECVEC           4           7           1  -0.0000000000000000     
 VECVEC           4           7           2  -0.0000000000000000     
 VECVEC           1           3           1   0.0000000000000000     
 VECVEC           1           3           2   0.0000000000000000     
 VECVEC           2           5           1   0.0000000000000000     
 VECVEC           2           5           2   0.0000000000000000     
 VECVEC           3           6           1  -0.0000000000000000     
 VECVEC           3           6           2  -0.0000000000000000     
 VECVEC           4           7           1  -0.0000000000000000     
 VECVEC           4           7           2  -0.0000000000000000     
Mat Object:Mat_0x4175390_1 2 MPI processes
  type: mpiaij
row 0: (0, 1e+30)  (1, -875)  (2, 350)  (3, 175)  (6, -1400)  (7, -175)  (8, -1050)  (9, 875) 
row 1: (0, -875)  (1, 1e+30)  (2, -175)  (3, -1400)  (6, 175)  (7, 350)  (8, 875)  (9, -1050) 
row 2: (0, 350)  (1, -175)  (2, 1e+30)  (3, 875)  (6, -1050)  (7, -875)  (8, -1400)  (9, 175) 
row 3: (0, 175)  (1, -1400)  (2, 875)  (3, 1e+30)  (6, -875)  (7, -1050)  (8, -175)  (9, 350) 
row 4: (4, 54365.6)  (5, -5.90669e-311)  (8, 54365.6)  (9, 5.90669e-311)  (10, -1.18134e-310)  (11, 0)  (12, 54365.6)  (13, 2.36268e-310)  (14, 54365.6)  (15, 0) 
row 5: (4, 0)  (5, 9060.94)  (8, 5.90669e-311)  (9, -9060.94)  (10, 5.90669e-311)  (11, -5.90669e-311)  (12, -5.90669e-311)  (13, 4530.47)  (14, 0)  (15, -4530.47) 
row 6: (0, -1400)  (1, 175)  (2, -1050)  (3, -875)  (6, 2100)  (7, 875)  (8, 350)  (9, -175) 
row 7: (0, -175)  (1, 350)  (2, -875)  (3, -1050)  (6, 875)  (7, 2100)  (8, 175)  (9, -1400) 
row 8: (0, -1050)  (1, 875)  (2, -1400)  (3, -175)  (4, 54365.6)  (5, 5.90669e-311)  (6, 350)  (7, 175)  (8, 54365.6)  (9, -1.18134e-310)  (10, -1.77201e-310)  (11, 5.90669e-311)  (12, 54365.6)  (13, 1.99665e-314)  (14, 54365.6)  (15, 0) 
row 9: (0, 875)  (1, -1050)  (2, 175)  (3, 350)  (4, 0)  (5, -9060.94)  (6, -175)  (7, -1400)  (8, 1.18134e-310)  (9, 9060.94)  (10, 5.90669e-311)  (11, -1.77201e-310)  (12, -5.90669e-311)  (13, -4530.47)  (14, 0)  (15, 4530.47) 
row 10: (4, -1.18134e-310)  (5, 5.90669e-311)  (8, -1.77201e-310)  (9, 5.90669e-311)  (10, 1.77201e-310)  (11, -5.90669e-311)  (14, 1.18134e-310)  (15, -5.90669e-311) 
row 11: (4, 0)  (5, -5.90669e-311)  (8, 5.90669e-311)  (9, -1.77201e-310)  (10, -5.90669e-311)  (11, 1.77201e-310)  (14, 0)  (15, 5.90669e-311) 
row 12: (4, 54365.6)  (5, 1.18134e-310)  (8, 53490.6)  (9, 1.77201e-310)  (12, 54365.6)  (13, 2.36268e-310)  (14, 54365.6)  (15, 0) 
row 13: (4, 0)  (5, 4530.47)  (8, 2100)  (9, -4530.47)  (12, 9.3329e-321)  (13, 1e+30)  (14, 0)  (15, -9060.94) 
row 14: (4, 54365.6)  (5, 2100)  (8, 54365.6)  (9, 1.18134e-310)  (10, 1.18134e-310)  (11, 0)  (12, 54365.6)  (13, 2.36268e-310)  (14, 54365.6)  (15, 0) 
row 15: (4, 5.90669e-311)  (5, -5405.47)  (8, -1.77201e-310)  (9, 4530.47)  (10, -5.90669e-311)  (11, 5.90669e-311)  (12, 7.86836e-311)  (13, -9060.94)  (14, 0)  (15, 1e+30) 
     SNES Iteration Count: 0
2 total processes killed (some possibly by mpirun during cleanup)
